0.000000000000000000e+00,
2.731816300919963619e-03,
5.463612214747739192e-03,
8.195367354543283897e-03,
1.092706133367084449e-02,
1.365867376595110254e-02,
1.639018426581330401e-02,
1.912157244844740409e-02,
2.185281792995619546e-02,
2.458390032750741236e-02,
2.731479925948587448e-02,
3.004549434564555629e-02,
3.277596520726171886e-02,
3.550619146728296177e-02,
3.823615275048330292e-02,
4.096582868361425128e-02,
4.369519889555682768e-02,
4.642424301747360288e-02,
4.915294068296068714e-02,
5.188127152819976134e-02,
5.460921519211001801e-02,
5.733675131650012302e-02,
6.006385954622010803e-02,
6.279051952931336000e-02,
6.551671091716845807e-02,
6.824241336467097574e-02,
7.096760653035541488e-02,
7.369227007655691775e-02,
7.641638366956315931e-02,
7.913992697976596213e-02,
8.186287968181309160e-02,
8.458522145475995402e-02,
8.730693198222118367e-02,
9.002799095252228545e-02,
9.274837805885126352e-02,
9.546807299941008351e-02,
9.818705547756632901e-02,
1.009053052020044278e-01,
1.036228018868773498e-01,
1.063395252519578060e-01,
1.090554550227897102e-01,
1.117705709308393774e-01,
1.144848527136469313e-01,
1.171982801149773351e-01,
1.199108328849717298e-01,
1.226224907802984931e-01,
1.253332335643042306e-01,
1.280430410071649594e-01,
1.307518928860369190e-01,
1.334597689852076163e-01,
1.361666490962465947e-01,
1.388725130181563128e-01,
1.415773405575229682e-01,
1.442811115286669332e-01,
1.469838057537936338e-01,
1.496854030631442622e-01,
1.523858832951458242e-01,
1.550852262965620454e-01,
1.577834119226436127e-01,
1.604804200372784706e-01,
1.631762305131421453e-01,
1.658708232318480136e-01,
1.685641780840972104e-01,
1.712562749698290643e-01,
1.739470937983707277e-01,
1.766366144885873901e-01,
1.793248169690319638e-01,
1.820116811780949917e-01,
1.846971870641543056e-01,
1.873813145857246287e-01,
1.900640437116072334e-01,
1.927453544210394609e-01,
1.954252267038439073e-01,
1.981036405605779704e-01,
2.007805760026830644e-01,
2.034560130526337773e-01,
2.061299317440868917e-01,
2.088023121220305145e-01,
2.114731342429328753e-01,
2.141423781748912902e-01,
2.168100239977806820e-01,
2.194760518034025998e-01,
2.221404416956334060e-01,
2.248031737905731298e-01,
2.274642282166934870e-01,
2.301235851149864009e-01,
2.327812246391122442e-01,
2.354371269555478319e-01,
2.380912722437344420e-01,
2.407436406962257802e-01,
2.433942125188357508e-01,
2.460429679307862549e-01,
2.486898871648547393e-01,
2.513349504675218005e-01,
2.539781380991185111e-01,
2.566194303339736082e-01,
2.592588074605611248e-01,
2.618962497816471058e-01,
2.645317376144366572e-01,
2.671652512907210508e-01,
2.697967711570242733e-01,
2.724262775747497423e-01,
2.750537509203270226e-01,
2.776791715853581533e-01,
2.803025199767638642e-01,
2.829237765169300145e-01,
2.855429216438535867e-01,
2.881599358112885700e-01,
2.907747994888922882e-01,
2.933874931623704496e-01,
2.959979973336234194e-01,
2.986062925208911034e-01,
3.012123592588990539e-01,
3.038161780990032423e-01,
3.064177296093352210e-01,
3.090169943749473958e-01,
3.116139529979577438e-01,
3.142085860976944756e-01,
3.168008743108409742e-01,
3.193907982915800137e-01,
3.219783387117383100e-01,
3.245634762609306279e-01,
3.271461916467038877e-01,
3.297264655946813838e-01,
3.323042788487065025e-01,
3.348796121709861073e-01,
3.374524463422346465e-01,
3.400227621618171492e-01,
3.425905404478927774e-01,
3.451557620375577673e-01,
3.477184077869887591e-01,
3.502784585715852939e-01,
3.528358952861127551e-01,
3.553906988448449211e-01,
3.579428501817063513e-01,
3.604923302504146609e-01,
3.630391200246228522e-01,
3.655832004980608674e-01,
3.681245526846779748e-01,
3.706631576187840449e-01,
3.731989963551913259e-01,
3.757320499693557747e-01,
3.782622995575181113e-01,
3.807897262368450941e-01,
3.833143111455704077e-01,
3.858360354431353834e-01,
3.883548803103296643e-01,
3.908708269494315379e-01,
3.933838565843483237e-01,
3.958939504607564275e-01,
3.984010898462414518e-01,
4.009052560304376400e-01,
4.034064303251680417e-01,
4.059045940645834571e-01,
4.083997286053019371e-01,
4.108918153265481155e-01,
4.133808356302919873e-01,
4.158667709413875202e-01,
4.183496027077117652e-01,
4.208293124003026353e-01,
4.233058815134977948e-01,
4.257792915650726595e-01,
4.282495240963778982e-01,
4.307165606724775997e-01,
4.331803828822869407e-01,
4.356409723387091315e-01,
4.380983106787730286e-01,
4.405523795637697471e-01,
4.430031606793902177e-01,
4.454506357358611335e-01,
4.478947864680818958e-01,
4.503355946357608941e-01,
4.527730420235512865e-01,
4.552071104411872793e-01,
4.576377817236198520e-01,
4.600650377311520933e-01,
4.624888603495748152e-01,
4.649092314903016665e-01,
4.673261330905040256e-01,
4.697395471132458922e-01,
4.721494555476185018e-01,
4.745558404088747184e-01,
4.769586837385633160e-01,
4.793579676046627047e-01,
4.817536741017152124e-01,
4.841457853509604781e-01,
4.865342835004686228e-01,
4.889191507252741986e-01,
4.913003692275080825e-01,
4.936779212365315916e-01,
4.960517890090681004e-01,
4.984219548293359336e-01,
5.007884010091807614e-01,
5.031511098882066602e-01,
5.055100638339091734e-01,
5.078652452418059848e-01,
5.102166365355687017e-01,
5.125642201671538611e-01,
5.149079786169340478e-01,
5.172478943938285667e-01,
5.195839500354335616e-01,
5.219161281081533543e-01,
5.242444112073294527e-01,
5.265687819573711126e-01,
5.288892230118846793e-01,
5.312057170538033724e-01,
5.335182467955159602e-01,
5.358267949789965456e-01,
5.381313443759327964e-01,
5.404318777878541757e-01,
5.427283780462617280e-01,
5.450208280127543103e-01,
5.473092105791580453e-01,
5.495935086676531078e-01,
5.518737052309017344e-01,
5.541497832521747879e-01,
5.564217257454793231e-01,
5.586895157556852620e-01,
5.609531363586515162e-01,
5.632125706613531069e-01,
5.654678018020059538e-01,
5.677188129501941072e-01,
5.699655873069946477e-01,
5.722081081051028084e-01,
5.744463586089578744e-01,
5.766803221148670833e-01,
5.789099819511314138e-01,
5.811353214781688203e-01,
5.833563240886396883e-01,
5.855729732075692917e-01,
5.877852522924731371e-01,
5.899931448334788664e-01,
5.921966343534506017e-01,
5.943957044081112917e-01,
5.965903385861655028e-01,
5.987805205094225425e-01,
6.009662338329174736e-01,
6.031474622450343492e-01,
6.053241894676268942e-01,
6.074963992561407400e-01,
6.096640753997344397e-01,
6.118272017214002600e-01,
6.139857620780850844e-01,
6.161397403608105394e-01,
6.182891204947941199e-01,
6.204338864395679831e-01,
6.225740221890995185e-01,
6.247095117719103641e-01,
6.268403392511958661e-01,
6.289664887249436509e-01,
6.310879443260527522e-01,
6.332046902224517382e-01,
6.353167106172167289e-01,
6.374239897486896345e-01,
6.395265118905959500e-01,
6.416242613521609961e-01,
6.437172224782287122e-01,
6.458053796493770093e-01,
6.478887172820350093e-01,
6.499672198285993963e-01,
6.520408717775503238e-01,
6.541096576535668783e-01,
6.561735620176432082e-01,
6.582325694672029881e-01,
6.602866646362149927e-01,
6.623358321953076722e-01,
6.643800568518829497e-01,
6.664193233502314628e-01,
6.684536164716450291e-01,
6.704829210345314427e-01,
6.725072218945272740e-01,
6.745265039446105559e-01,
6.765407521152144721e-01,
6.785499513743383782e-01,
6.805540867276616002e-01,
6.825531432186541236e-01,
6.845471059286887261e-01,
6.865359599771522214e-01,
6.885196905215565932e-01,
6.904982827576496840e-01,
6.924717219195255513e-01,
6.944399932797350461e-01,
6.964030821493950585e-01,
6.983609738782990961e-01,
7.003136538550254198e-01,
7.022611075070471776e-01,
7.042033203008406517e-01,
7.061402777419936161e-01,
7.080719653753140275e-01,
7.099983687849371616e-01,
7.119194735944336383e-01,
7.138352654669168906e-01,
7.157457301051496357e-01,
7.176508532516510108e-01,
7.195506206888028222e-01,
7.214450182389556820e-01,
7.233340317645345907e-01,
7.252176471681448522e-01,
7.270958503926768790e-01,
7.289686274214115524e-01,
7.308359642781240284e-01,
7.326978470271892085e-01,
7.345542617736847690e-01,
7.364051946634949664e-01,
7.382506318834146652e-01,
7.400905596612519233e-01,
7.419249642659304644e-01,
7.437538320075930409e-01,
7.455771492377026854e-01,
7.473949023491454069e-01,
7.492070777763308875e-01,
7.510136619952945125e-01,
7.528146415237975120e-01,
7.546100029214283245e-01,
7.563997327897025169e-01,
7.581838177721628158e-01,
7.599622445544785831e-01,
7.617349998645455145e-01,
7.635020704725848928e-01,
7.652634431912415103e-01,
7.670191048756828112e-01,
7.687690424236965914e-01,
7.705132427757892533e-01,
7.722516929152823950e-01,
7.739843798684111764e-01,
7.757112907044197980e-01,
7.774324125356590898e-01,
7.791477325176822122e-01,
7.808572378493402466e-01,
7.825609157728786736e-01,
7.842587535740311866e-01,
7.859507385821161707e-01,
7.876368581701296279e-01,
7.893170997548406564e-01,
7.909914507968850428e-01,
7.926598988008581870e-01,
7.943224313154095828e-01,
7.959790359333344112e-01,
7.976297002916672430e-01,
7.992744120717734102e-01,
8.009131589994417100e-01,
8.025459288449753315e-01,
8.041727094232837825e-01,
8.057934885939732617e-01,
8.074082542614371416e-01,
8.090169943749474513e-01,
8.106196969287430276e-01,
8.122163499621206650e-01,
8.138069415595231559e-01,
8.153914598506294409e-01,
8.169698930104419832e-01,
8.185422292593758087e-01,
8.201084568633461025e-01,
8.216685641338560275e-01,
8.232225394280834330e-01,
8.247703711489685618e-01,
8.263120477452996493e-01,
8.278475577117999640e-01,
8.293768895892131843e-01,
8.309000319643888854e-01,
8.324169734703681378e-01,
8.339277027864679948e-01,
8.354322086383659807e-01,
8.369304797981842459e-01,
8.384225050845734994e-01,
8.399082733627964981e-01,
8.413877735448107575e-01,
8.428609945893518196e-01,
8.443279255020149643e-01,
8.457885553353384767e-01,
8.472428731888834719e-01,
8.486908682093173839e-01,
8.501325295904930135e-01,
8.515678465735306846e-01,
8.529968084468978473e-01,
8.544194045464885701e-01,
8.558356242557041416e-01,
8.572454570055316747e-01,
8.586488922746231545e-01,
8.600459195893735975e-01,
8.614365285239999892e-01,
8.628207087006181109e-01,
8.641984497893210326e-01,
8.655697415082553858e-01,
8.669345736236981903e-01,
8.682929359501336819e-01,
8.696448183503290297e-01,
8.709902107354101641e-01,
8.723291030649364952e-01,
8.736614853469767406e-01,
8.749873476381824222e-01,
8.763066800438635839e-01,
8.776194727180608446e-01,
8.789257158636201162e-01,
8.802253997322654344e-01,
8.815185146246715675e-01,
8.828050508905364024e-01,
8.840849989286531097e-01,
8.853583491869815303e-01,
8.866250921627197856e-01,
8.878852184023752203e-01,
8.891387185018344574e-01,
8.903855831064341197e-01,
8.916258029110302186e-01,
8.928593686600682089e-01,
8.940862711476510460e-01,
8.953065012176093518e-01,
8.965200497635680277e-01,
8.977269077290154220e-01,
8.989270661073707203e-01,
9.001205159420510027e-01,
9.013072483265377466e-01,
9.024872544044441058e-01,
9.036605253695803031e-01,
9.048270524660194658e-01,
9.059868269881635738e-01,
9.071398402808072969e-01,
9.082860837392037201e-01,
9.094255488091278483e-01,
9.105582269869409995e-01,
9.116841098196534210e-01,
9.128031889049882386e-01,
9.139154558914438509e-01,
9.150209024783561018e-01,
9.161195204159603422e-01,
9.172113015054529361e-01,
9.182962375990528781e-01,
9.193743206000616341e-01,
9.204455424629245375e-01,
9.215098951932907401e-01,
9.225673708480717217e-01,
9.236179615355024630e-01,
9.246616594151984003e-01,
9.256984566982158213e-01,
9.267283456471079317e-01,
9.277513185759844738e-01,
9.287673678505680153e-01,
9.297764858882513472e-01,
9.307786651581538839e-01,
9.317738981811776178e-01,
9.327621775300636298e-01,
9.337434958294469345e-01,
9.347178457559118803e-01,
9.356852200380463280e-01,
9.366456114564964963e-01,
9.375990128440202520e-01,
9.385454170855412892e-01,
9.394848171182016427e-01,
9.404172059314144239e-01,
9.413425765669165557e-01,
9.422609221188203987e-01,
9.431722357336654872e-01,
9.440765106104691551e-01,
9.449737400007780508e-01,
9.458639172087178748e-01,
9.467470355910437840e-01,
9.476230885571895746e-01,
9.484920695693173087e-01,
9.493539721423657207e-01,
9.502087898440987335e-01,
9.510565162951535312e-01,
9.518971451690882990e-01,
9.527306701924289634e-01,
9.535570851447163765e-01,
9.543763838585529458e-01,
9.551885602196480418e-01,
9.559936081668642949e-01,
9.567915216922621147e-01,
9.575822948411452096e-01,
9.583659217121046625e-01,
9.591423964570632288e-01,
9.599117132813183018e-01,
9.606738664435860997e-01,
9.614288502560439653e-01,
9.621766590843727762e-01,
9.629172873477993555e-01,
9.636507295191374389e-01,
9.643769801248299745e-01,
9.650960337449889792e-01,
9.658078850134366178e-01,
9.665125286177447261e-01,
9.672099592992748907e-01,
9.679001718532176390e-01,
9.685831611286310761e-01,
9.692589220284795193e-01,
9.699274495096712467e-01,
9.705887385830965775e-01,
9.712427843136647310e-01,
9.718895818203410197e-01,
9.725291262761825983e-01,
9.731614129083754339e-01,
9.737864369982691670e-01,
9.744041938814125281e-01,
9.750146789475884201e-01,
9.756178876408478917e-01,
9.762138154595445538e-01,
9.768024579563678866e-01,
9.773838107383764351e-01,
9.779578694670307826e-01,
9.785246298582259694e-01,
9.790840876823228012e-01,
9.796362387641806002e-01,
9.801810789831874038e-01,
9.807186042732906062e-01,
9.812488106230283780e-01,
9.817716940755585320e-01,
9.822872507286886101e-01,
9.827954767349047493e-01,
9.832963683014005474e-01,
9.837899216901051513e-01,
9.842761332177114575e-01,
9.847549992557036447e-01,
9.852265162303835977e-01,
9.856906806228984408e-01,
9.861474889692661838e-01,
9.865969378604019235e-01,
9.870390239421431566e-01,
9.874737439152746488e-01,
9.879010945355531925e-01,
9.883210726137322544e-01,
9.887336750155847342e-01,
9.891388986619276125e-01,
9.895367405286437101e-01,
9.899271976467053369e-01,
9.903102671021956072e-01,
9.906859460363307557e-01,
9.910542316454811207e-01,
9.914151211811923492e-01,
9.917686119502056030e-01,
9.921147013144778759e-01,
9.924533866912015334e-01,
9.927846655528238529e-01,
9.931085354270656751e-01,
9.934249938969396121e-01,
9.937340386007688098e-01,
9.940356672322036014e-01,
9.943298775402397149e-01,
9.946166673292343718e-01,
9.948960344589229399e-01,
9.951679768444346985e-01,
9.954324924563088262e-01,
9.956895793205090550e-01,
9.959392355184388812e-01,
9.961814591869554425e-01,
9.964162485183836182e-01,
9.966436017605295739e-01,
9.968635172166936398e-01,
9.970759932456834118e-01,
9.972810282618254085e-01,
9.974786207349772837e-01,
9.976687691905391508e-01,
9.978514722094646849e-01,
9.980267284282715590e-01,
9.981945365390515468e-01,
9.983548952894806261e-01,
9.985078034828279714e-01,
9.986532599779651687e-01,
9.987912636893743201e-01,
9.989218135871568149e-01,
9.990449086970403236e-01,
9.991605481003864586e-01,
9.992687309341975466e-01,
9.993694563911229567e-01,
9.994627237194653180e-01,
9.995485322231861813e-01,
9.996268812619106825e-01,
9.996977702509329822e-01,
9.997611986612203738e-01,
9.998171660194171695e-01,
9.998656719078481414e-01,
9.999067159645220748e-01,
9.999402978831337663e-01,
9.999664174130670213e-01,
9.999850743593960978e-01,
9.999962685828872599e-01,
1.000000000000000000e+00,
1.000000000000000000e+00,
1.000000000000000000e+00,
1.000000000000000000e+00,
1.000000000000000000e+00,
1.000000000000000000e+00,
1.000000000000000000e+00,
1.000000000000000000e+00,
1.000000000000000000e+00,
1.000000000000000000e+00,
1.000000000000000000e+00,
1.000000000000000000e+00,
1.000000000000000000e+00,
1.000000000000000000e+00,
1.000000000000000000e+00,
1.000000000000000000e+00,
1.000000000000000000e+00,
1.000000000000000000e+00,
1.000000000000000000e+00,
1.000000000000000000e+00,
1.000000000000000000e+00,
1.000000000000000000e+00,
1.000000000000000000e+00,
1.000000000000000000e+00,
1.000000000000000000e+00,
1.000000000000000000e+00,
1.000000000000000000e+00,
1.000000000000000000e+00,
1.000000000000000000e+00,
1.000000000000000000e+00,
1.000000000000000000e+00,
1.000000000000000000e+00,
1.000000000000000000e+00,
1.000000000000000000e+00,
1.000000000000000000e+00,
1.000000000000000000e+00,
1.000000000000000000e+00,
1.000000000000000000e+00,
1.000000000000000000e+00,
1.000000000000000000e+00,
1.000000000000000000e+00,
1.000000000000000000e+00,
1.000000000000000000e+00,
1.000000000000000000e+00,
1.000000000000000000e+00,
1.000000000000000000e+00,
1.000000000000000000e+00,
1.000000000000000000e+00,
1.000000000000000000e+00,
1.000000000000000000e+00,
1.000000000000000000e+00,
1.000000000000000000e+00,
1.000000000000000000e+00,
1.000000000000000000e+00,
1.000000000000000000e+00,
1.000000000000000000e+00,
1.000000000000000000e+00,
1.000000000000000000e+00,
1.000000000000000000e+00,
1.000000000000000000e+00,
1.000000000000000000e+00,
1.000000000000000000e+00,
1.000000000000000000e+00,
1.000000000000000000e+00,
1.000000000000000000e+00,
1.000000000000000000e+00,
1.000000000000000000e+00,
1.000000000000000000e+00,
1.000000000000000000e+00,
1.000000000000000000e+00,
1.000000000000000000e+00,
1.000000000000000000e+00,
1.000000000000000000e+00,
1.000000000000000000e+00,
1.000000000000000000e+00,
1.000000000000000000e+00,
1.000000000000000000e+00,
1.000000000000000000e+00,
1.000000000000000000e+00,
1.000000000000000000e+00,
1.000000000000000000e+00,
1.000000000000000000e+00,
1.000000000000000000e+00,
1.000000000000000000e+00,
1.000000000000000000e+00,
1.000000000000000000e+00,
1.000000000000000000e+00,
1.000000000000000000e+00,
1.000000000000000000e+00,
1.000000000000000000e+00,
1.000000000000000000e+00,
1.000000000000000000e+00,
1.000000000000000000e+00,
1.000000000000000000e+00,
1.000000000000000000e+00,
1.000000000000000000e+00,
1.000000000000000000e+00,
1.000000000000000000e+00,
1.000000000000000000e+00,
1.000000000000000000e+00,
1.000000000000000000e+00,
1.000000000000000000e+00,
1.000000000000000000e+00,
1.000000000000000000e+00,
1.000000000000000000e+00,
1.000000000000000000e+00,
1.000000000000000000e+00,
1.000000000000000000e+00,
1.000000000000000000e+00,
1.000000000000000000e+00,
1.000000000000000000e+00,
1.000000000000000000e+00,
1.000000000000000000e+00,
1.000000000000000000e+00,
1.000000000000000000e+00,
1.000000000000000000e+00,
1.000000000000000000e+00,
1.000000000000000000e+00,
1.000000000000000000e+00,
1.000000000000000000e+00,
1.000000000000000000e+00,
1.000000000000000000e+00,
1.000000000000000000e+00,
1.000000000000000000e+00,
1.000000000000000000e+00,
1.000000000000000000e+00,
1.000000000000000000e+00,
1.000000000000000000e+00,
1.000000000000000000e+00,
1.000000000000000000e+00,
1.000000000000000000e+00,
1.000000000000000000e+00,
1.000000000000000000e+00,
1.000000000000000000e+00,
1.000000000000000000e+00,
1.000000000000000000e+00,
1.000000000000000000e+00,
1.000000000000000000e+00,
1.000000000000000000e+00,
1.000000000000000000e+00,
1.000000000000000000e+00,
1.000000000000000000e+00,
1.000000000000000000e+00,
1.000000000000000000e+00,
1.000000000000000000e+00,
1.000000000000000000e+00,
1.000000000000000000e+00,
1.000000000000000000e+00,
1.000000000000000000e+00,
1.000000000000000000e+00,
1.000000000000000000e+00,
1.000000000000000000e+00,
1.000000000000000000e+00,
1.000000000000000000e+00,
1.000000000000000000e+00,
1.000000000000000000e+00,
1.000000000000000000e+00,
1.000000000000000000e+00,
1.000000000000000000e+00,
1.000000000000000000e+00,
1.000000000000000000e+00,
1.000000000000000000e+00,
1.000000000000000000e+00,
1.000000000000000000e+00,
1.000000000000000000e+00,
1.000000000000000000e+00,
1.000000000000000000e+00,
1.000000000000000000e+00,
1.000000000000000000e+00,
1.000000000000000000e+00,
1.000000000000000000e+00,
1.000000000000000000e+00,
1.000000000000000000e+00,
1.000000000000000000e+00,
1.000000000000000000e+00,
1.000000000000000000e+00,
1.000000000000000000e+00,
1.000000000000000000e+00,
1.000000000000000000e+00,
1.000000000000000000e+00,
1.000000000000000000e+00,
1.000000000000000000e+00,
1.000000000000000000e+00,
1.000000000000000000e+00,
1.000000000000000000e+00,
1.000000000000000000e+00,
1.000000000000000000e+00,
1.000000000000000000e+00,
1.000000000000000000e+00,
1.000000000000000000e+00,
1.000000000000000000e+00,
1.000000000000000000e+00,
1.000000000000000000e+00,
1.000000000000000000e+00,
1.000000000000000000e+00,
1.000000000000000000e+00,
1.000000000000000000e+00,
1.000000000000000000e+00,
1.000000000000000000e+00,
1.000000000000000000e+00,
1.000000000000000000e+00,
1.000000000000000000e+00,
1.000000000000000000e+00,
1.000000000000000000e+00,
1.000000000000000000e+00,
1.000000000000000000e+00,
1.000000000000000000e+00,
1.000000000000000000e+00,
1.000000000000000000e+00,
1.000000000000000000e+00,
1.000000000000000000e+00,
1.000000000000000000e+00,
1.000000000000000000e+00,
1.000000000000000000e+00,
1.000000000000000000e+00,
1.000000000000000000e+00,
1.000000000000000000e+00,
1.000000000000000000e+00,
1.000000000000000000e+00,
1.000000000000000000e+00,
1.000000000000000000e+00,
1.000000000000000000e+00,
1.000000000000000000e+00,
1.000000000000000000e+00,
1.000000000000000000e+00,
1.000000000000000000e+00,
1.000000000000000000e+00,
1.000000000000000000e+00,
1.000000000000000000e+00,
1.000000000000000000e+00,
1.000000000000000000e+00,
1.000000000000000000e+00,
1.000000000000000000e+00,
1.000000000000000000e+00,
1.000000000000000000e+00,
1.000000000000000000e+00,
1.000000000000000000e+00,
1.000000000000000000e+00,
1.000000000000000000e+00,
1.000000000000000000e+00,
1.000000000000000000e+00,
1.000000000000000000e+00,
1.000000000000000000e+00,
1.000000000000000000e+00,
1.000000000000000000e+00,
1.000000000000000000e+00,
1.000000000000000000e+00,
1.000000000000000000e+00,
1.000000000000000000e+00,
1.000000000000000000e+00,
1.000000000000000000e+00,
1.000000000000000000e+00,
1.000000000000000000e+00,
1.000000000000000000e+00,
1.000000000000000000e+00,
1.000000000000000000e+00,
1.000000000000000000e+00,
1.000000000000000000e+00,
1.000000000000000000e+00,
1.000000000000000000e+00,
1.000000000000000000e+00,
1.000000000000000000e+00,
1.000000000000000000e+00,
1.000000000000000000e+00,
1.000000000000000000e+00,
1.000000000000000000e+00,
1.000000000000000000e+00,
1.000000000000000000e+00,
1.000000000000000000e+00,
1.000000000000000000e+00,
1.000000000000000000e+00,
1.000000000000000000e+00,
1.000000000000000000e+00,
1.000000000000000000e+00,
1.000000000000000000e+00,
1.000000000000000000e+00,
1.000000000000000000e+00,
1.000000000000000000e+00,
1.000000000000000000e+00,
1.000000000000000000e+00,
1.000000000000000000e+00,
1.000000000000000000e+00,
1.000000000000000000e+00,
1.000000000000000000e+00,
1.000000000000000000e+00,
1.000000000000000000e+00,
1.000000000000000000e+00,
1.000000000000000000e+00,
1.000000000000000000e+00,
1.000000000000000000e+00,
1.000000000000000000e+00,
1.000000000000000000e+00,
1.000000000000000000e+00,
1.000000000000000000e+00,
1.000000000000000000e+00,
1.000000000000000000e+00,
1.000000000000000000e+00,
1.000000000000000000e+00,
1.000000000000000000e+00,
1.000000000000000000e+00,
1.000000000000000000e+00,
1.000000000000000000e+00,
1.000000000000000000e+00,
1.000000000000000000e+00,
1.000000000000000000e+00,
1.000000000000000000e+00,
1.000000000000000000e+00,
1.000000000000000000e+00,
1.000000000000000000e+00,
1.000000000000000000e+00,
1.000000000000000000e+00,
1.000000000000000000e+00,
1.000000000000000000e+00,
1.000000000000000000e+00,
1.000000000000000000e+00,
1.000000000000000000e+00,
1.000000000000000000e+00,
1.000000000000000000e+00,
1.000000000000000000e+00,
1.000000000000000000e+00,
1.000000000000000000e+00,
1.000000000000000000e+00,
1.000000000000000000e+00,
1.000000000000000000e+00,
1.000000000000000000e+00,
1.000000000000000000e+00,
1.000000000000000000e+00,
1.000000000000000000e+00,
1.000000000000000000e+00,
1.000000000000000000e+00,
1.000000000000000000e+00,
1.000000000000000000e+00,
1.000000000000000000e+00,
1.000000000000000000e+00,
1.000000000000000000e+00,
1.000000000000000000e+00,
1.000000000000000000e+00,
1.000000000000000000e+00,
1.000000000000000000e+00,
1.000000000000000000e+00,
1.000000000000000000e+00,
1.000000000000000000e+00,
1.000000000000000000e+00,
1.000000000000000000e+00,
1.000000000000000000e+00,
1.000000000000000000e+00,
1.000000000000000000e+00,
1.000000000000000000e+00,
1.000000000000000000e+00,
1.000000000000000000e+00,
1.000000000000000000e+00,
1.000000000000000000e+00,
1.000000000000000000e+00,
1.000000000000000000e+00,
1.000000000000000000e+00,
1.000000000000000000e+00,
1.000000000000000000e+00,
1.000000000000000000e+00,
1.000000000000000000e+00,
1.000000000000000000e+00,
1.000000000000000000e+00,
1.000000000000000000e+00,
1.000000000000000000e+00,
1.000000000000000000e+00,
1.000000000000000000e+00,
1.000000000000000000e+00,
1.000000000000000000e+00,
1.000000000000000000e+00,
1.000000000000000000e+00,
1.000000000000000000e+00,
1.000000000000000000e+00,
1.000000000000000000e+00,
1.000000000000000000e+00,
1.000000000000000000e+00,
1.000000000000000000e+00,
1.000000000000000000e+00,
1.000000000000000000e+00,
1.000000000000000000e+00,
1.000000000000000000e+00,
1.000000000000000000e+00,
1.000000000000000000e+00,
1.000000000000000000e+00,
1.000000000000000000e+00,
1.000000000000000000e+00,
1.000000000000000000e+00,
1.000000000000000000e+00,
9.999962685828872599e-01,
9.999850743593960978e-01,
9.999664174130670213e-01,
9.999402978831337663e-01,
9.999067159645220748e-01,
9.998656719078481414e-01,
9.998171660194171695e-01,
9.997611986612203738e-01,
9.996977702509329822e-01,
9.996268812619106825e-01,
9.995485322231861813e-01,
9.994627237194653180e-01,
9.993694563911229567e-01,
9.992687309341975466e-01,
9.991605481003864586e-01,
9.990449086970403236e-01,
9.989218135871568149e-01,
9.987912636893743201e-01,
9.986532599779651687e-01,
9.985078034828279714e-01,
9.983548952894806261e-01,
9.981945365390515468e-01,
9.980267284282715590e-01,
9.978514722094646849e-01,
9.976687691905391508e-01,
9.974786207349772837e-01,
9.972810282618254085e-01,
9.970759932456834118e-01,
9.968635172166936398e-01,
9.966436017605295739e-01,
9.964162485183836182e-01,
9.961814591869554425e-01,
9.959392355184388812e-01,
9.956895793205090550e-01,
9.954324924563088262e-01,
9.951679768444346985e-01,
9.948960344589229399e-01,
9.946166673292343718e-01,
9.943298775402397149e-01,
9.940356672322036014e-01,
9.937340386007688098e-01,
9.934249938969396121e-01,
9.931085354270656751e-01,
9.927846655528238529e-01,
9.924533866912015334e-01,
9.921147013144778759e-01,
9.917686119502056030e-01,
9.914151211811923492e-01,
9.910542316454811207e-01,
9.906859460363307557e-01,
9.903102671021956072e-01,
9.899271976467053369e-01,
9.895367405286437101e-01,
9.891388986619276125e-01,
9.887336750155847342e-01,
9.883210726137322544e-01,
9.879010945355531925e-01,
9.874737439152746488e-01,
9.870390239421431566e-01,
9.865969378604019235e-01,
9.861474889692661838e-01,
9.856906806228984408e-01,
9.852265162303835977e-01,
9.847549992557036447e-01,
9.842761332177114575e-01,
9.837899216901051513e-01,
9.832963683014005474e-01,
9.827954767349047493e-01,
9.822872507286886101e-01,
9.817716940755585320e-01,
9.812488106230283780e-01,
9.807186042732906062e-01,
9.801810789831874038e-01,
9.796362387641806002e-01,
9.790840876823228012e-01,
9.785246298582259694e-01,
9.779578694670307826e-01,
9.773838107383764351e-01,
9.768024579563678866e-01,
9.762138154595445538e-01,
9.756178876408478917e-01,
9.750146789475884201e-01,
9.744041938814125281e-01,
9.737864369982691670e-01,
9.731614129083754339e-01,
9.725291262761825983e-01,
9.718895818203410197e-01,
9.712427843136647310e-01,
9.705887385830965775e-01,
9.699274495096712467e-01,
9.692589220284795193e-01,
9.685831611286310761e-01,
9.679001718532176390e-01,
9.672099592992748907e-01,
9.665125286177447261e-01,
9.658078850134366178e-01,
9.650960337449889792e-01,
9.643769801248299745e-01,
9.636507295191374389e-01,
9.629172873477993555e-01,
9.621766590843727762e-01,
9.614288502560439653e-01,
9.606738664435860997e-01,
9.599117132813183018e-01,
9.591423964570632288e-01,
9.583659217121046625e-01,
9.575822948411452096e-01,
9.567915216922621147e-01,
9.559936081668642949e-01,
9.551885602196480418e-01,
9.543763838585529458e-01,
9.535570851447163765e-01,
9.527306701924289634e-01,
9.518971451690882990e-01,
9.510565162951535312e-01,
9.502087898440987335e-01,
9.493539721423657207e-01,
9.484920695693173087e-01,
9.476230885571895746e-01,
9.467470355910437840e-01,
9.458639172087178748e-01,
9.449737400007780508e-01,
9.440765106104691551e-01,
9.431722357336654872e-01,
9.422609221188203987e-01,
9.413425765669165557e-01,
9.404172059314144239e-01,
9.394848171182016427e-01,
9.385454170855412892e-01,
9.375990128440202520e-01,
9.366456114564964963e-01,
9.356852200380463280e-01,
9.347178457559118803e-01,
9.337434958294469345e-01,
9.327621775300636298e-01,
9.317738981811776178e-01,
9.307786651581538839e-01,
9.297764858882513472e-01,
9.287673678505680153e-01,
9.277513185759844738e-01,
9.267283456471079317e-01,
9.256984566982158213e-01,
9.246616594151984003e-01,
9.236179615355024630e-01,
9.225673708480717217e-01,
9.215098951932907401e-01,
9.204455424629245375e-01,
9.193743206000616341e-01,
9.182962375990528781e-01,
9.172113015054529361e-01,
9.161195204159603422e-01,
9.150209024783561018e-01,
9.139154558914438509e-01,
9.128031889049882386e-01,
9.116841098196534210e-01,
9.105582269869409995e-01,
9.094255488091278483e-01,
9.082860837392037201e-01,
9.071398402808072969e-01,
9.059868269881635738e-01,
9.048270524660194658e-01,
9.036605253695803031e-01,
9.024872544044441058e-01,
9.013072483265377466e-01,
9.001205159420510027e-01,
8.989270661073707203e-01,
8.977269077290154220e-01,
8.965200497635680277e-01,
8.953065012176093518e-01,
8.940862711476510460e-01,
8.928593686600682089e-01,
8.916258029110302186e-01,
8.903855831064341197e-01,
8.891387185018344574e-01,
8.878852184023752203e-01,
8.866250921627197856e-01,
8.853583491869815303e-01,
8.840849989286531097e-01,
8.828050508905364024e-01,
8.815185146246715675e-01,
8.802253997322654344e-01,
8.789257158636201162e-01,
8.776194727180608446e-01,
8.763066800438635839e-01,
8.749873476381824222e-01,
8.736614853469767406e-01,
8.723291030649364952e-01,
8.709902107354101641e-01,
8.696448183503290297e-01,
8.682929359501336819e-01,
8.669345736236981903e-01,
8.655697415082553858e-01,
8.641984497893210326e-01,
8.628207087006181109e-01,
8.614365285239999892e-01,
8.600459195893735975e-01,
8.586488922746231545e-01,
8.572454570055316747e-01,
8.558356242557041416e-01,
8.544194045464885701e-01,
8.529968084468978473e-01,
8.515678465735306846e-01,
8.501325295904930135e-01,
8.486908682093173839e-01,
8.472428731888834719e-01,
8.457885553353384767e-01,
8.443279255020149643e-01,
8.428609945893518196e-01,
8.413877735448107575e-01,
8.399082733627964981e-01,
8.384225050845734994e-01,
8.369304797981842459e-01,
8.354322086383659807e-01,
8.339277027864679948e-01,
8.324169734703681378e-01,
8.309000319643888854e-01,
8.293768895892131843e-01,
8.278475577117999640e-01,
8.263120477452996493e-01,
8.247703711489685618e-01,
8.232225394280834330e-01,
8.216685641338560275e-01,
8.201084568633461025e-01,
8.185422292593758087e-01,
8.169698930104419832e-01,
8.153914598506294409e-01,
8.138069415595231559e-01,
8.122163499621206650e-01,
8.106196969287430276e-01,
8.090169943749474513e-01,
8.074082542614371416e-01,
8.057934885939732617e-01,
8.041727094232837825e-01,
8.025459288449753315e-01,
8.009131589994417100e-01,
7.992744120717734102e-01,
7.976297002916672430e-01,
7.959790359333344112e-01,
7.943224313154095828e-01,
7.926598988008581870e-01,
7.909914507968850428e-01,
7.893170997548406564e-01,
7.876368581701296279e-01,
7.859507385821161707e-01,
7.842587535740311866e-01,
7.825609157728786736e-01,
7.808572378493402466e-01,
7.791477325176822122e-01,
7.774324125356590898e-01,
7.757112907044197980e-01,
7.739843798684111764e-01,
7.722516929152823950e-01,
7.705132427757892533e-01,
7.687690424236965914e-01,
7.670191048756828112e-01,
7.652634431912415103e-01,
7.635020704725848928e-01,
7.617349998645455145e-01,
7.599622445544785831e-01,
7.581838177721628158e-01,
7.563997327897025169e-01,
7.546100029214283245e-01,
7.528146415237975120e-01,
7.510136619952945125e-01,
7.492070777763308875e-01,
7.473949023491454069e-01,
7.455771492377026854e-01,
7.437538320075930409e-01,
7.419249642659304644e-01,
7.400905596612519233e-01,
7.382506318834146652e-01,
7.364051946634949664e-01,
7.345542617736847690e-01,
7.326978470271892085e-01,
7.308359642781240284e-01,
7.289686274214115524e-01,
7.270958503926768790e-01,
7.252176471681448522e-01,
7.233340317645345907e-01,
7.214450182389556820e-01,
7.195506206888028222e-01,
7.176508532516510108e-01,
7.157457301051496357e-01,
7.138352654669168906e-01,
7.119194735944336383e-01,
7.099983687849371616e-01,
7.080719653753140275e-01,
7.061402777419936161e-01,
7.042033203008406517e-01,
7.022611075070471776e-01,
7.003136538550254198e-01,
6.983609738782990961e-01,
6.964030821493950585e-01,
6.944399932797350461e-01,
6.924717219195255513e-01,
6.904982827576496840e-01,
6.885196905215565932e-01,
6.865359599771522214e-01,
6.845471059286887261e-01,
6.825531432186541236e-01,
6.805540867276616002e-01,
6.785499513743383782e-01,
6.765407521152144721e-01,
6.745265039446105559e-01,
6.725072218945272740e-01,
6.704829210345314427e-01,
6.684536164716450291e-01,
6.664193233502314628e-01,
6.643800568518829497e-01,
6.623358321953076722e-01,
6.602866646362149927e-01,
6.582325694672029881e-01,
6.561735620176432082e-01,
6.541096576535668783e-01,
6.520408717775503238e-01,
6.499672198285993963e-01,
6.478887172820350093e-01,
6.458053796493770093e-01,
6.437172224782287122e-01,
6.416242613521609961e-01,
6.395265118905959500e-01,
6.374239897486896345e-01,
6.353167106172167289e-01,
6.332046902224517382e-01,
6.310879443260527522e-01,
6.289664887249436509e-01,
6.268403392511958661e-01,
6.247095117719103641e-01,
6.225740221890995185e-01,
6.204338864395679831e-01,
6.182891204947941199e-01,
6.161397403608105394e-01,
6.139857620780850844e-01,
6.118272017214002600e-01,
6.096640753997344397e-01,
6.074963992561407400e-01,
6.053241894676268942e-01,
6.031474622450343492e-01,
6.009662338329174736e-01,
5.987805205094225425e-01,
5.965903385861655028e-01,
5.943957044081112917e-01,
5.921966343534506017e-01,
5.899931448334788664e-01,
5.877852522924731371e-01,
5.855729732075692917e-01,
5.833563240886396883e-01,
5.811353214781688203e-01,
5.789099819511314138e-01,
5.766803221148670833e-01,
5.744463586089578744e-01,
5.722081081051028084e-01,
5.699655873069946477e-01,
5.677188129501941072e-01,
5.654678018020059538e-01,
5.632125706613531069e-01,
5.609531363586515162e-01,
5.586895157556852620e-01,
5.564217257454793231e-01,
5.541497832521747879e-01,
5.518737052309017344e-01,
5.495935086676531078e-01,
5.473092105791580453e-01,
5.450208280127543103e-01,
5.427283780462617280e-01,
5.404318777878541757e-01,
5.381313443759327964e-01,
5.358267949789965456e-01,
5.335182467955159602e-01,
5.312057170538033724e-01,
5.288892230118846793e-01,
5.265687819573711126e-01,
5.242444112073294527e-01,
5.219161281081533543e-01,
5.195839500354335616e-01,
5.172478943938285667e-01,
5.149079786169340478e-01,
5.125642201671538611e-01,
5.102166365355687017e-01,
5.078652452418059848e-01,
5.055100638339091734e-01,
5.031511098882066602e-01,
5.007884010091807614e-01,
4.984219548293359336e-01,
4.960517890090681004e-01,
4.936779212365315916e-01,
4.913003692275080825e-01,
4.889191507252741986e-01,
4.865342835004686228e-01,
4.841457853509604781e-01,
4.817536741017152124e-01,
4.793579676046627047e-01,
4.769586837385633160e-01,
4.745558404088747184e-01,
4.721494555476185018e-01,
4.697395471132458922e-01,
4.673261330905040256e-01,
4.649092314903016665e-01,
4.624888603495748152e-01,
4.600650377311520933e-01,
4.576377817236198520e-01,
4.552071104411872793e-01,
4.527730420235512865e-01,
4.503355946357608941e-01,
4.478947864680818958e-01,
4.454506357358611335e-01,
4.430031606793902177e-01,
4.405523795637697471e-01,
4.380983106787730286e-01,
4.356409723387091315e-01,
4.331803828822869407e-01,
4.307165606724775997e-01,
4.282495240963778982e-01,
4.257792915650726595e-01,
4.233058815134977948e-01,
4.208293124003026353e-01,
4.183496027077117652e-01,
4.158667709413875202e-01,
4.133808356302919873e-01,
4.108918153265481155e-01,
4.083997286053019371e-01,
4.059045940645834571e-01,
4.034064303251680417e-01,
4.009052560304376400e-01,
3.984010898462414518e-01,
3.958939504607564275e-01,
3.933838565843483237e-01,
3.908708269494315379e-01,
3.883548803103296643e-01,
3.858360354431353834e-01,
3.833143111455704077e-01,
3.807897262368450941e-01,
3.782622995575181113e-01,
3.757320499693557747e-01,
3.731989963551913259e-01,
3.706631576187840449e-01,
3.681245526846779748e-01,
3.655832004980608674e-01,
3.630391200246228522e-01,
3.604923302504146609e-01,
3.579428501817063513e-01,
3.553906988448449211e-01,
3.528358952861127551e-01,
3.502784585715852939e-01,
3.477184077869887591e-01,
3.451557620375577673e-01,
3.425905404478927774e-01,
3.400227621618171492e-01,
3.374524463422346465e-01,
3.348796121709861073e-01,
3.323042788487065025e-01,
3.297264655946813838e-01,
3.271461916467038877e-01,
3.245634762609306279e-01,
3.219783387117383100e-01,
3.193907982915800137e-01,
3.168008743108409742e-01,
3.142085860976944756e-01,
3.116139529979577438e-01,
3.090169943749473958e-01,
3.064177296093352210e-01,
3.038161780990032423e-01,
3.012123592588990539e-01,
2.986062925208911034e-01,
2.959979973336234194e-01,
2.933874931623704496e-01,
2.907747994888922882e-01,
2.881599358112885700e-01,
2.855429216438535867e-01,
2.829237765169300145e-01,
2.803025199767638642e-01,
2.776791715853581533e-01,
2.750537509203270226e-01,
2.724262775747497423e-01,
2.697967711570242733e-01,
2.671652512907210508e-01,
2.645317376144366572e-01,
2.618962497816471058e-01,
2.592588074605611248e-01,
2.566194303339736082e-01,
2.539781380991185111e-01,
2.513349504675218005e-01,
2.486898871648547393e-01,
2.460429679307862549e-01,
2.433942125188357508e-01,
2.407436406962257802e-01,
2.380912722437344420e-01,
2.354371269555478319e-01,
2.327812246391122442e-01,
2.301235851149864009e-01,
2.274642282166934870e-01,
2.248031737905731298e-01,
2.221404416956334060e-01,
2.194760518034025998e-01,
2.168100239977806820e-01,
2.141423781748912902e-01,
2.114731342429328753e-01,
2.088023121220305145e-01,
2.061299317440868917e-01,
2.034560130526337773e-01,
2.007805760026830644e-01,
1.981036405605779704e-01,
1.954252267038439073e-01,
1.927453544210394609e-01,
1.900640437116072334e-01,
1.873813145857246287e-01,
1.846971870641543056e-01,
1.820116811780949917e-01,
1.793248169690319638e-01,
1.766366144885873901e-01,
1.739470937983707277e-01,
1.712562749698290643e-01,
1.685641780840972104e-01,
1.658708232318480136e-01,
1.631762305131421453e-01,
1.604804200372784706e-01,
1.577834119226436127e-01,
1.550852262965620454e-01,
1.523858832951458242e-01,
1.496854030631442622e-01,
1.469838057537936338e-01,
1.442811115286669332e-01,
1.415773405575229682e-01,
1.388725130181563128e-01,
1.361666490962465947e-01,
1.334597689852076163e-01,
1.307518928860369190e-01,
1.280430410071649594e-01,
1.253332335643042306e-01,
1.226224907802984931e-01,
1.199108328849717298e-01,
1.171982801149773351e-01,
1.144848527136469313e-01,
1.117705709308393774e-01,
1.090554550227897102e-01,
1.063395252519578060e-01,
1.036228018868773498e-01,
1.009053052020044278e-01,
9.818705547756632901e-02,
9.546807299941008351e-02,
9.274837805885126352e-02,
9.002799095252228545e-02,
8.730693198222118367e-02,
8.458522145475995402e-02,
8.186287968181309160e-02,
7.913992697976596213e-02,
7.641638366956315931e-02,
7.369227007655691775e-02,
7.096760653035541488e-02,
6.824241336467097574e-02,
6.551671091716845807e-02,
6.279051952931336000e-02,
6.006385954622010803e-02,
5.733675131650012302e-02,
5.460921519211001801e-02,
5.188127152819976134e-02,
4.915294068296068714e-02,
4.642424301747360288e-02,
4.369519889555682768e-02,
4.096582868361425128e-02,
3.823615275048330292e-02,
3.550619146728296177e-02,
3.277596520726171886e-02,
3.004549434564555629e-02,
2.731479925948587448e-02,
2.458390032750741236e-02,
2.185281792995619546e-02,
1.912157244844740409e-02,
1.639018426581330401e-02,
1.365867376595110254e-02,
1.092706133367084449e-02,
8.195367354543283897e-03,
5.463612214747739192e-03,
2.731816300919963619e-03,
0.000000000000000000e+00,
